Sat.A1Gregorian            Sat.EarthMJ2000Eq.X       Sat.EarthMJ2000Eq.Y       Sat.EarthMJ2000Eq.Z       
07 Oct 2023 12:00:05.034   26279.5                   175452                    27645.4                   
07 Oct 2023 12:01:05.034   26250.6                   175457                    27641                     
07 Oct 2023 12:04:06.682   26163.1                   175472                    27627.5                   
07 Oct 2023 12:12:59.795   25906                     175513                    27587.6                   
07 Oct 2023 12:44:27.647   24991.4                   175632                    27441.8                   
07 Oct 2023 13:29:27.647   23672.6                   175727                    27221.8                   
07 Oct 2023 14:14:27.647   22341.7                   175734                    26988.2                   
07 Oct 2023 14:59:27.647   20999.4                   175652                    26741.2                   
07 Oct 2023 15:44:27.647   19646.3                   175480                    26480.6                   
07 Oct 2023 16:29:27.647   18282.9                   175220                    26206.8                   
07 Oct 2023 17:14:27.647   16910                     174869                    25919.5                   
07 Oct 2023 17:59:27.647   15528.2                   174427                    25619                     
07 Oct 2023 18:44:27.647   14138                     173894                    25305.1                   
07 Oct 2023 19:29:27.647   12740.2                   173269                    24978                     
07 Oct 2023 20:14:27.647   11335.4                   172550                    24637.6                   
07 Oct 2023 20:59:27.647   9924.23                   171738                    24283.9                   
07 Oct 2023 21:44:27.647   8507.4                    170830                    23916.8                   
07 Oct 2023 22:29:27.647   7085.61                   169826                    23536.4                   
07 Oct 2023 23:14:27.647   5659.58                   168724                    23142.6                   
07 Oct 2023 23:59:27.647   4230.07                   167523                    22735.4                   
08 Oct 2023 00:44:27.647   2797.86                   166222                    22314.5                   
08 Oct 2023 01:29:27.647   1363.77                   164818                    21880.1                   
08 Oct 2023 02:14:27.647   -71.3355                  163310                    21432                     
08 Oct 2023 02:59:27.647   -1506.55                  161695                    20970                     
08 Oct 2023 03:44:27.647   -2940.91                  159973                    20494.1                   
08 Oct 2023 04:29:27.647   -4373.38                  158139                    20004.2                   
08 Oct 2023 05:14:27.647   -5802.86                  156193                    19500                     
08 Oct 2023 05:59:27.647   -7228.17                  154130                    18981.5                   
08 Oct 2023 06:44:27.647   -8648.04                  151947                    18448.3                   
08 Oct 2023 07:29:27.647   -10061.1                  149643                    17900.4                   
08 Oct 2023 08:14:27.647   -11465.7                  147212                    17337.6                   
08 Oct 2023 08:59:27.647   -12860.4                  144650                    16759.5                   
08 Oct 2023 09:44:27.647   -14243.2                  141955                    16165.9                   
08 Oct 2023 10:29:27.647   -15612.2                  139119                    15556.5                   
08 Oct 2023 11:14:27.647   -16965.1                  136139                    14931.1                   
08 Oct 2023 11:59:27.647   -18299.3                  133009                    14289.3                   
08 Oct 2023 12:44:27.647   -19612                    129722                    13630.6                   
08 Oct 2023 13:29:27.647   -20899.9                  126270                    12954.9                   
08 Oct 2023 14:14:27.647   -22159.4                  122645                    12261.5                   
08 Oct 2023 14:59:27.647   -23386.2                  118840                    11550.1                   
08 Oct 2023 15:44:27.647   -24575.3                  114842                    10820.1                   
08 Oct 2023 16:29:27.647   -25720.9                  110641                    10071                     
08 Oct 2023 17:14:27.647   -26816.1                  106222                    9302.31                   
08 Oct 2023 17:59:27.647   -27852.6                  101572                    8513.33                   
08 Oct 2023 18:44:27.647   -28820.5                  96670.8                   7703.46                   
08 Oct 2023 19:29:27.647   -29707.3                  91498.1                   6872.04                   
08 Oct 2023 20:14:27.647   -30497.6                  86028.7                   6018.43                   
08 Oct 2023 20:59:27.647   -31171.7                  80232.1                   5142.04                   
08 Oct 2023 21:44:27.647   -31704                    74071.1                   4242.44                   
08 Oct 2023 22:29:27.647   -32059.8                  67499.3                   3319.47                   
08 Oct 2023 23:06:55.613   -32187.6                  61672                     2533.5                    
08 Oct 2023 23:40:29.223   -32139.2                  56140.3                   1816.67                   
09 Oct 2023 00:10:31.807   -31933.8                  50905                     1165.83                   
09 Oct 2023 00:40:25.115   -31539.3                  45394.6                   511.548                   
09 Oct 2023 01:04:11.402   -31056.5                  40767.8                   -11.6681                  
09 Oct 2023 01:27:51.930   -30388.6                  35915.1                   -532.569                  
09 Oct 2023 01:46:46.412   -29688.4                  31841.8                   -945.737                  
09 Oct 2023 02:05:36.006   -28806.9                  27589.1                   -1351.14                  
09 Oct 2023 02:20:43.724   -27933.3                  24012.8                   -1669.23                  
09 Oct 2023 02:35:47.172   -26881                    20297.1                   -1974.8                   
09 Oct 2023 02:48:00.196   -25861.5                  17156.7                   -2210.61                  
09 Oct 2023 03:00:09.353   -24663.9                  13911.9                   -2429.39                  
09 Oct 2023 03:10:04.438   -23519.3                  11169                     -2591.53                  
09 Oct 2023 03:18:32.704   -22395.8                  8756.84                   -2713.94                  
09 Oct 2023 03:25:59.070   -21275.5                  6586.13                   -2805.25                  
09 Oct 2023 03:32:38.130   -20147.8                  4606.44                   -2870.26                  
09 Oct 2023 03:39:15.054   -18886                    2605.75                   -2914.9                   
09 Oct 2023 03:45:16.610   -17593.2                  763.633                   -2933.39                  
09 Oct 2023 03:50:46.035   -16275.3                  -920.752                  -2926.88                  
09 Oct 2023 03:55:17.543   -15073.5                  -2302.79                  -2900.75                  
09 Oct 2023 03:59:19.804   -13901.5                  -3520.8                   -2858.26                  
09 Oct 2023 04:03:20.238   -12635.5                  -4703.28                  -2794.9                   
09 Oct 2023 04:06:58.632   -11389.2                  -5741.54                  -2716.02                  
09 Oct 2023 04:10:17.700   -10168.4                  -6645.22                  -2623.89                  
09 Oct 2023 04:13:23.153   -8955.96                  -7438.03                  -2518.66                  
09 Oct 2023 04:16:20.140   -7731.29                  -8138.45                  -2399.2                   
09 Oct 2023 04:19:13.353   -6471.12                  -8758.92                  -2263.13                  
09 Oct 2023 04:22:07.322   -5149.08                  -9305.48                  -2106.69                  
09 Oct 2023 04:25:05.299   -3746.45                  -9773.51                  -1926.04                  
09 Oct 2023 04:28:00.251   -2329.55                  -10134.1                  -1728.83                  
09 Oct 2023 04:30:48.658   -942.641                  -10381.7                  -1521.99                  
09 Oct 2023 04:33:34.348   430.851                   -10527.6                  -1304.14                  
09 Oct 2023 04:36:16.862   1774.34                   -10577.4                  -1078.85                  
09 Oct 2023 04:38:59.582   3104.72                   -10538.4                  -844.182                  
09 Oct 2023 04:41:51.410   4482.98                   -10407.1                  -589.171                  
09 Oct 2023 04:45:04.352   5987.47                   -10160.3                  -297.244                  
09 Oct 2023 04:48:09.645   7381.71                   -9836.6                   -14.2734                  
09 Oct 2023 04:51:09.261   8681.59                   -9453.55                  260.19                    
09 Oct 2023 04:54:11.488   9946.58                   -9006.14                  537.055                   
09 Oct 2023 04:57:21.359   11206.9                   -8487.61                  822.425                   
09 Oct 2023 05:00:42.709   12480.5                   -7890.05                  1120.43                   
09 Oct 2023 05:04:19.252   13781                     -7203.65                  1434.72                   
09 Oct 2023 05:08:14.920   15119.7                   -6416.53                  1768.77                   
09 Oct 2023 05:12:33.669   16504.2                   -5516.15                  2125.55                   
09 Oct 2023 05:17:18.648   17934.6                   -4492.96                  2506.33                   
09 Oct 2023 05:22:31.144   19400.7                   -3345.29                  2909.55                   
09 Oct 2023 05:28:11.921   20890.5                   -2074.93                  3332.92                   
09 Oct 2023 05:32:45.038   22011.1                   -1049.04                  3660.58                   
09 Oct 2023 05:34:37.660   22455.7                   -625.001                  3792.82                   
09 Oct 2023 05:36:28.278   22883.1                   -208.239                  3921.12                   
09 Oct 2023 05:41:26.910   23993.3                   916.855                   4259.97                   
09 Oct 2023 05:49:32.825   25676.3                   2741.89                   4789.28                   
09 Oct 2023 05:58:41.239   27416.1                   4784.58                   5356.87                   
09 Oct 2023 06:08:41.265   29154.4                   6990.77                   5945.61                   
09 Oct 2023 06:19:36.028   30884.4                   9358.27                   6554.02                   
09 Oct 2023 06:31:31.473   32606                     11894.1                   7183.01                   
09 Oct 2023 06:39:00.283   33607.9                   13457.2                   7560.49                   
09 Oct 2023 06:41:02.360   33871                     13878.6                   7661.05                   
09 Oct 2023 06:43:05.911   34133.4                   14303.5                   7761.94                   
09 Oct 2023 06:45:17.120   34407.8                   14753                     7868.13                   
09 Oct 2023 06:52:14.373   35252.9                   16170.5                   8199.49                   
09 Oct 2023 07:06:29.192   36864.8                   19018.6                   8850.41                   
09 Oct 2023 07:22:54.837   38549.5                   22212.7                   9559.18                   
09 Oct 2023 07:41:03.572   40226.6                   25635                     10296.5                   
09 Oct 2023 08:01:03.696   41886.1                   29286.8                   11060.8                   
09 Oct 2023 08:23:07.506   43522                     33179                     11852.5                   
09 Oct 2023 08:47:28.786   45127                     37322.2                   12671.8                   
09 Oct 2023 09:14:22.805   46692.6                   41727.3                   13518.4                   
09 Oct 2023 09:44:06.417   48208.6                   46403.8                   14392.1                   
09 Oct 2023 10:16:58.326   49663.1                   51360.8                   15291.9                   
09 Oct 2023 10:53:19.147   51042.4                   56605.7                   16216.3                   
09 Oct 2023 11:33:31.741   52330.5                   62144.2                   17163.4                   
09 Oct 2023 12:18:01.464   53509.2                   67979.9                   18130.5                   
09 Oct 2023 13:03:01.464   54476.7                   73597.1                   19032.6                   
09 Oct 2023 13:48:01.464   55250.2                   78952.4                   19866.9                   
09 Oct 2023 14:33:01.464   55854.8                   84066.5                   20640.5                   
09 Oct 2023 15:18:01.464   56310.6                   88957                     21359.2                   
09 Oct 2023 16:03:01.464   56634.3                   93638.7                   22027.7                   
09 Oct 2023 16:48:01.464   56839.4                   98124.6                   22650.1                   
09 Oct 2023 17:33:01.464   56937.7                   102426                    23229.9                   
09 Oct 2023 18:18:01.464   56938.8                   106553                    23770.1                   
09 Oct 2023 19:03:01.464   56851.2                   110513                    24273.3                   
09 Oct 2023 19:48:01.464   56682.1                   114316                    24741.6                   
09 Oct 2023 20:33:01.464   56438.1                   117966                    25177.2                   
09 Oct 2023 21:18:01.464   56124.5                   121472                    25581.8                   
09 Oct 2023 22:03:01.464   55746.4                   124838                    25957                     
09 Oct 2023 22:48:01.464   55308.2                   128069                    26304.2                   
09 Oct 2023 23:33:01.464   54813.8                   131170                    26624.6                   
10 Oct 2023 00:18:01.464   54266.8                   134145                    26919.4                   
10 Oct 2023 01:03:01.464   53670.3                   136998                    27189.7                   
10 Oct 2023 01:48:01.464   53027.2                   139731                    27436.4                   
10 Oct 2023 02:33:01.464   52340.2                   142349                    27660.4                   
10 Oct 2023 03:18:01.464   51611.8                   144854                    27862.4                   
10 Oct 2023 04:03:01.464   50844                     147248                    28043.1                   
10 Oct 2023 04:48:01.464   50039                     149534                    28203.3                   
10 Oct 2023 05:33:01.464   49198.6                   151715                    28343.5                   
10 Oct 2023 06:18:01.464   48324.6                   153791                    28464.4                   
10 Oct 2023 07:03:01.464   47418.6                   155766                    28566.4                   
10 Oct 2023 07:48:01.464   46482.1                   157640                    28650                     
10 Oct 2023 08:33:01.464   45516.6                   159416                    28715.6                   
10 Oct 2023 09:18:01.464   44523.3                   161094                    28763.7                   
10 Oct 2023 10:03:01.464   43503.5                   162676                    28794.7                   
10 Oct 2023 10:48:01.464   42458.4                   164164                    28808.8                   
10 Oct 2023 11:33:01.464   41389                     165557                    28806.5                   
10 Oct 2023 12:18:01.464   40296.5                   166857                    28788.1                   
10 Oct 2023 13:03:01.464   39181.7                   168066                    28753.7                   
10 Oct 2023 13:48:01.464   38045.8                   169183                    28703.8                   
10 Oct 2023 14:33:01.464   36889.5                   170209                    28638.4                   
10 Oct 2023 15:18:01.464   35713.7                   171145                    28557.9                   
10 Oct 2023 16:03:01.464   34519.3                   171992                    28462.5                   
10 Oct 2023 16:48:01.464   33307                     172749                    28352.3                   
10 Oct 2023 17:33:01.464   32077.7                   173418                    28227.6                   
10 Oct 2023 18:18:01.464   30832                     173998                    28088.4                   
10 Oct 2023 19:03:01.464   29570.7                   174489                    27935                     
10 Oct 2023 19:48:01.464   28294.5                   174893                    27767.4                   
10 Oct 2023 20:33:01.464   27004                     175208                    27585.9                   
10 Oct 2023 21:18:01.464   25700                     175435                    27390.4                   
10 Oct 2023 22:03:01.464   24383.1                   175573                    27181.2                   
10 Oct 2023 22:48:01.464   23054                     175623                    26958.2                   
10 Oct 2023 23:33:01.464   21713.2                   175584                    26721.6                   
11 Oct 2023 00:18:01.464   20361.4                   175456                    26471.5                   
11 Oct 2023 01:03:01.464   18999.3                   175238                    26207.8                   
11 Oct 2023 01:48:01.464   17627.4                   174930                    25930.7                   
11 Oct 2023 02:33:01.464   16246.5                   174531                    25640.1                   
11 Oct 2023 03:18:01.464   14857                     174041                    25336.1                   
11 Oct 2023 04:03:01.464   13459.8                   173459                    25018.7                   
11 Oct 2023 04:48:01.464   12055.4                   172784                    24687.9                   
11 Oct 2023 05:33:01.464   10644.4                   172015                    24343.7                   
11 Oct 2023 06:18:01.464   9227.62                   171151                    23986.1                   
11 Oct 2023 07:03:01.464   7805.68                   170191                    23615                     
11 Oct 2023 07:48:01.464   6379.31                   169133                    23230.4                   
11 Oct 2023 08:33:01.464   4949.24                   167977                    22832.3                   
11 Oct 2023 09:18:01.464   3516.24                   166721                    22420.5                   
11 Oct 2023 10:03:01.464   2081.12                   165363                    21995.1                   
11 Oct 2023 10:48:01.464   644.722                   163901                    21555.9                   
11 Oct 2023 11:33:01.464   -792.075                  162334                    21102.8                   
11 Oct 2023 12:00:05.034   -1655.85                  161340                    20823.6                   
